gcc -O3 -g -Wall -Wextra -Werror -pg -fprofile-arcs -ftest-coverage -std=c99 main.o matrixhandler.o vectorhandler.o fix_p.o arena.o TomKva_v4.o -o fm
./fm
s: 4
n1: 2
n2: 3

After sort:
-3.000000(-196608) 2.000000(131072) = -5.000000(-327680)
1.000000(65536) 3.000000(196608) = 4.000000(262144)
2.000000(131072) -11.000000(-720896) = 3.000000(196608)
-2.000000(-131072) 0.000000(0) = -3.000000(-196608)

After div:
-1.500000(-98304) 1.000000(65536) = -2.500000(-163840)
0.333328(21845) 1.000000(65536) = 1.333328(87381)
-0.181808(-11915) 1.000000(65536) = -0.272720(-17873)
-2.000000(-131072) 0.000000(0) = -3.000000(-196608)

s: 3
n1: 1
n2: 3

After sort:
0.515137(33760) = 1.606049(105254)
-1.318192(-86389) = -2.227280(-145967)
-2.000000(-131072) = -3.000000(-196608)

After div:
1.000000(65536) = 3.117706(204322)
1.000000(65536) = 1.689636(110732)
1.000000(65536) = 1.500000(98304)

s: 2
n1: 1
n2: 2

After sort:
-15.000000(-983040) 6.000000(393216) = -2.000000(-131072)
5.000000(327680) -2.000000(-131072) = -8.000000(-524288)

After div:
-2.500000(-163840) 1.000000(65536) = -0.333328(-21845)
-2.500000(-163840) 1.000000(65536) = 4.000000(262144)

s: 1
n1: 0
n2: 0

After sort:
0.000000(0) = -4.333328(-283989)

After div:
0.000000(0) = -4.333328(-283989)

s: 6
n1: 3
n2: 6

After sort:
-2.000000(-131072) 3.000000(196608) -4.000000(-262144) 5.000000(327680) -6.000000(-393216) 7.000000(458752) = -2.000000(-131072)
-4.000000(-262144) 5.000000(327680) -6.000000(-393216) 7.000000(458752) -8.000000(-524288) 9.000000(589824) = -4.000000(-262144)
-6.000000(-393216) 7.000000(458752) -8.000000(-524288) 9.000000(589824) -10.000000(-655360) 11.000000(720896) = -6.000000(-393216)
-1.000000(-65536) -2.000000(-131072) 3.000000(196608) -4.000000(-262144) 5.000000(327680) -6.000000(-393216) = -1.000000(-65536)
-5.000000(-327680) -6.000000(-393216) 7.000000(458752) -8.000000(-524288) 9.000000(589824) -10.000000(-655360) = -5.000000(-327680)
-3.000000(-196608) -4.000000(-262144) 5.000000(327680) -6.000000(-393216) 7.000000(458752) -8.000000(-524288) = -3.000000(-196608)

After div:
-0.285706(-18724) 0.428558(28086) -0.571426(-37449) 0.714279(46811) -0.857132(-56173) 1.000000(65536) = -0.285706(-18724)
-0.444443(-29127) 0.555542(36408) -0.666656(-43690) 0.777771(50972) -0.888885(-58254) 1.000000(65536) = -0.444443(-29127)
-0.545441(-35746) 0.636353(41704) -0.727264(-47662) 0.818176(53620) -0.909088(-59578) 1.000000(65536) = -0.545441(-35746)
0.166656(10922) 0.333328(21845) -0.500000(-32768) 0.666656(43690) -0.833328(-54613) 1.000000(65536) = 0.166656(10922)
0.500000(32768) 0.599991(39321) -0.699997(-45875) 0.799988(52428) -0.899994(-58982) 1.000000(65536) = 0.500000(32768)
0.375000(24576) 0.500000(32768) -0.625000(-40960) 0.750000(49152) -0.875000(-57344) 1.000000(65536) = 0.375000(24576)

s: 9
n1: 3
n2: 9

After sort:
-0.785706(-51492) -0.171432(-11235) 0.128571(8426) -0.085709(-5617) 0.042862(2809) = -0.785706(-51492)
-0.660706(-43300) -0.071442(-4682) 0.053574(3511) -0.035721(-2341) 0.017868(1171) = -0.660706(-43300)
-0.944443(-61895) -0.044449(-2913) 0.033340(2185) -0.022217(-1456) 0.011108(728) = -0.944443(-61895)
-0.611099(-40049) 0.222214(14563) -0.166656(-10922) 0.111115(7282) -0.055557(-3641) = -0.611099(-40049)
-0.452362(-29646) 0.095230(6241) -0.071426(-4681) 0.047623(3121) -0.023804(-1560) = -0.452362(-29646)
-0.819443(-53703) 0.055542(3640) -0.041656(-2730) 0.027771(1820) -0.013885(-910) = -0.819443(-53703)
-0.712097(-46668) 0.303024(19859) -0.227264(-14894) 0.151520(9930) -0.075760(-4965) = -0.712097(-46668)
-1.045441(-68514) 0.036362(2383) -0.027267(-1787) 0.018188(1192) -0.009094(-596) = -1.045441(-68514)
-0.920441(-60322) 0.136353(8936) -0.102264(-6702) 0.068176(4468) -0.034088(-2234) = -0.920441(-60322)

After div:
-18.331070(-1201345) -3.999634(-262120) 2.999634(196584) -1.999634(-131048) 1.000000(65536) = -18.331070(-1201345)
-36.976929(-2423320) -3.998291(-262032) 2.998291(196496) -1.999146(-131016) 1.000000(65536) = -36.976929(-2423320)
-85.020599(-5571910) -4.001373(-262234) 3.001373(196698) -2.000000(-131072) 1.000000(65536) = -85.020599(-5571910)
10.999451(720860) -3.999725(-262126) 2.999725(196590) -2.000000(-131072) 1.000000(65536) = 10.999451(720860)
19.003845(1245436) -4.000641(-262186) 3.000641(196650) -2.000641(-131114) 1.000000(65536) = 19.003845(1245436)
59.014282(3867560) -4.000000(-262144) 3.000000(196608) -2.000000(-131072) 1.000000(65536) = 59.014282(3867560)
9.399384(615998) -3.999786(-262130) 2.999786(196594) -2.000000(-131072) 1.000000(65536) = 9.399384(615998)
114.956375(7533781) -3.998322(-262034) 2.998322(196498) -2.000000(-131072) 1.000000(65536) = 114.956375(7533781)
27.001785(1769589) -4.000000(-262144) 3.000000(196608) -2.000000(-131072) 1.000000(65536) = 27.001785(1769589)

s: 18
n1: 13
n2: 13

After sort:
-29.330521(-1922205) 0.000092(6) -0.000092(-6) 0.000366(24) = -29.330521(-1922205)
-37.334915(-2446781) 0.001007(66) -0.001007(-66) 0.001007(66) = -37.334915(-2446781)
-77.345352(-5068905) 0.000366(24) -0.000366(-24) 0.000366(24) = -77.345352(-5068905)
-27.730453(-1817343) 0.000153(10) -0.000153(-10) 0.000366(24) = -27.730453(-1817343)
-133.287445(-8735126) -0.001312(-86) 0.001312(86) 0.000366(24) = -133.287445(-8735126)
-45.332855(-2970934) 0.000366(24) -0.000366(-24) 0.000366(24) = -45.332855(-2970934)
-47.976379(-3144180) 0.001434(94) -0.001434(-94) 0.000854(56) = -47.976379(-3144180)
-55.980774(-3668756) 0.002350(154) -0.002350(-154) 0.001495(98) = -55.980774(-3668756)
-95.991211(-6290880) 0.001709(112) -0.001709(-112) 0.000854(56) = -95.991211(-6290880)
-46.376312(-3039318) 0.001495(98) -0.001495(-98) 0.000854(56) = -46.376312(-3039318)
-151.933304(-9957101) 0.000031(2) -0.000031(-2) 0.000854(56) = -151.933304(-9957101)
-63.978714(-4192909) 0.001709(112) -0.001709(-112) 0.000854(56) = -63.978714(-4192909)
-104.024445(-6817346) -0.000732(-48) 0.000732(48) 0.000641(42) = -104.024445(-6817346)
-96.020050(-6292770) -0.001648(-108) 0.001648(108) 0.000000(0) = -96.020050(-6292770)
-144.034882(-9439470) -0.001373(-90) 0.001373(90) 0.000000(0) = -144.034882(-9439470)
-94.419983(-6187908) -0.001587(-104) 0.001587(104) 0.000000(0) = -94.419983(-6187908)
-199.976974(-13105691) -0.003052(-200) 0.003052(200) 0.000000(0) = -199.976974(-13105691)
-112.022385(-7341499) -0.001373(-90) 0.001373(90) 0.000000(0) = -112.022385(-7341499)

After div:
-80091.875000(-5248901120) 0.250000(16384) -0.250000(-16384) 1.000000(65536) = -80091.875000(-5248901120)
-37072.439392(-2429579388) 1.000000(65536) -1.000000(-65536) 1.000000(65536) = -37072.439392(-2429579388)
-211204.375000(-13841489920) 1.000000(65536) -1.000000(-65536) 1.000000(65536) = -211204.375000(-13841489920)
-75722.625000(-4962557952) 0.416656(27306) -0.416656(-27306) 1.000000(65536) = -75722.625000(-4962557952)
-363963.583328(-23852717397) -3.583328(-234837) 3.583328(234837) 1.000000(65536) = -363963.583328(-23852717397)
-123788.916656(-8112630442) 1.000000(65536) -1.000000(-65536) 1.000000(65536) = -123788.916656(-8112630442)
-56146.071426(-3679588937) 1.678558(110006) -1.678558(-110006) 1.000000(65536) = -56146.071426(-3679588937)
-37436.285706(-2453424420) 1.571426(102985) -1.571426(-102985) 1.000000(65536) = -37436.285706(-2453424420)
-112337.142853(-7362126994) 2.000000(131072) -2.000000(-131072) 1.000000(65536) = -112337.142853(-7362126994)
-54273.535706(-3556870436) 1.750000(114688) -1.750000(-114688) 1.000000(65536) = -54273.535706(-3556870436)
-177805.375000(-11652653056) 0.035706(2340) -0.035706(-2340) 1.000000(65536) = -177805.375000(-11652653056)
-74873.375000(-4906901504) 2.000000(131072) -2.000000(-131072) 1.000000(65536) = -74873.375000(-4906901504)
-162317.761902(-10637656844) -1.142853(-74898) 1.142853(74898) 1.000000(65536) = -162317.761902(-10637656844)
-96.020050(-6292770) -0.001648(-108) 0.001648(108) 0.000000(0) = -96.020050(-6292770)
-144.034882(-9439470) -0.001373(-90) 0.001373(90) 0.000000(0) = -144.034882(-9439470)
-94.419983(-6187908) -0.001587(-104) 0.001587(104) 0.000000(0) = -94.419983(-6187908)
-199.976974(-13105691) -0.003052(-200) 0.003052(200) 0.000000(0) = -199.976974(-13105691)
-112.022385(-7341499) -0.001373(-90) 0.001373(90) 0.000000(0) = -112.022385(-7341499)

s: 5
n1: 5
n2: 5

After sort:
-96.020050(-6292770) -0.001648(-108) 0.001648(108) = -96.020050(-6292770)
-144.034882(-9439470) -0.001373(-90) 0.001373(90) = -144.034882(-9439470)
-94.419983(-6187908) -0.001587(-104) 0.001587(104) = -94.419983(-6187908)
-199.976974(-13105691) -0.003052(-200) 0.003052(200) = -199.976974(-13105691)
-112.022385(-7341499) -0.001373(-90) 0.001373(90) = -112.022385(-7341499)

After div:
-58266.388885(-3818546062) -1.000000(-65536) 1.000000(65536) = -58266.388885(-3818546062)
-104883.000000(-6873612288) -1.000000(-65536) 1.000000(65536) = -104883.000000(-6873612288)
-59499.115372(-3899334025) -1.000000(-65536) 1.000000(65536) = -59499.115372(-3899334025)
-65528.454987(-4294472826) -1.000000(-65536) 1.000000(65536) = -65528.454987(-4294472826)
-81572.211105(-5345916427) -1.000000(-65536) 1.000000(65536) = -81572.211105(-5345916427)

s: 6
n1: 3
n2: 6

After sort:
-2.000000(-131072) 3.000000(196608) -4.000000(-262144) 5.000000(327680) -6.000000(-393216) 7.000000(458752) = -2.000000(-131072)
-4.000000(-262144) 5.000000(327680) -6.000000(-393216) 7.000000(458752) -8.000000(-524288) 9.000000(589824) = -4.000000(-262144)
-6.000000(-393216) 7.000000(458752) -8.000000(-524288) 9.000000(589824) -10.000000(-655360) 11.000000(720896) = -6.000000(-393216)
1.000000(65536) -2.000000(-131072) 3.000000(196608) -4.000000(-262144) 5.000000(327680) -6.000000(-393216) = -1.000000(-65536)
5.000000(327680) -6.000000(-393216) 7.000000(458752) -8.000000(-524288) 9.000000(589824) -10.000000(-655360) = -5.000000(-327680)
3.000000(196608) -4.000000(-262144) 5.000000(327680) -6.000000(-393216) 7.000000(458752) -8.000000(-524288) = -3.000000(-196608)

After div:
-0.285706(-18724) 0.428558(28086) -0.571426(-37449) 0.714279(46811) -0.857132(-56173) 1.000000(65536) = -0.285706(-18724)
-0.444443(-29127) 0.555542(36408) -0.666656(-43690) 0.777771(50972) -0.888885(-58254) 1.000000(65536) = -0.444443(-29127)
-0.545441(-35746) 0.636353(41704) -0.727264(-47662) 0.818176(53620) -0.909088(-59578) 1.000000(65536) = -0.545441(-35746)
-0.166656(-10922) 0.333328(21845) -0.500000(-32768) 0.666656(43690) -0.833328(-54613) 1.000000(65536) = 0.166656(10922)
-0.500000(-32768) 0.599991(39321) -0.699997(-45875) 0.799988(52428) -0.899994(-58982) 1.000000(65536) = 0.500000(32768)
-0.375000(-24576) 0.500000(32768) -0.625000(-40960) 0.750000(49152) -0.875000(-57344) 1.000000(65536) = 0.375000(24576)

s: 9
n1: 3
n2: 9

After sort:
0.214294(14044) -0.171432(-11235) 0.128571(8426) -0.085709(-5617) 0.042862(2809) = -0.785706(-51492)
0.089294(5852) -0.071442(-4682) 0.053574(3511) -0.035721(-2341) 0.017868(1171) = -0.660706(-43300)
0.055557(3641) -0.044449(-2913) 0.033340(2185) -0.022217(-1456) 0.011108(728) = -0.944443(-61895)
-0.277786(-18205) 0.222214(14563) -0.166656(-10922) 0.111115(7282) -0.055557(-3641) = -0.611099(-40049)
-0.119049(-7802) 0.095230(6241) -0.071426(-4681) 0.047623(3121) -0.023804(-1560) = -0.452362(-29646)
-0.069443(-4551) 0.055542(3640) -0.041656(-2730) 0.027771(1820) -0.013885(-910) = -0.819443(-53703)
-0.378784(-24824) 0.303024(19859) -0.227264(-14894) 0.151520(9930) -0.075760(-4965) = -0.712097(-46668)
-0.045441(-2978) 0.036362(2383) -0.027267(-1787) 0.018188(1192) -0.009094(-596) = -1.045441(-68514)
-0.170441(-11170) 0.136353(8936) -0.102264(-6702) 0.068176(4468) -0.034088(-2234) = -0.920441(-60322)

After div:
4.999634(327656) -3.999634(-262120) 2.999634(196584) -1.999634(-131048) 1.000000(65536) = -18.331070(-1201345)
4.997437(327512) -3.998291(-262032) 2.998291(196496) -1.999146(-131016) 1.000000(65536) = -36.976929(-2423320)
5.001373(327770) -4.001373(-262234) 3.001373(196698) -2.000000(-131072) 1.000000(65536) = -85.020599(-5571910)
5.000000(327680) -3.999725(-262126) 2.999725(196590) -2.000000(-131072) 1.000000(65536) = 10.999451(720860)
5.001282(327764) -4.000641(-262186) 3.000641(196650) -2.000641(-131114) 1.000000(65536) = 19.003845(1245436)
5.001099(327752) -4.000000(-262144) 3.000000(196608) -2.000000(-131072) 1.000000(65536) = 59.014282(3867560)
4.999786(327666) -3.999786(-262130) 2.999786(196594) -2.000000(-131072) 1.000000(65536) = 9.399384(615998)
4.996643(327460) -3.998322(-262034) 2.998322(196498) -2.000000(-131072) 1.000000(65536) = 114.956375(7533781)
5.000000(327680) -4.000000(-262144) 3.000000(196608) -2.000000(-131072) 1.000000(65536) = 27.001785(1769589)

s: 18
n1: 13
n2: 13

After sort:
-0.000366(-24) 0.000092(6) -0.000092(-6) 0.000366(24) = -29.330521(-1922205)
-0.001648(-108) 0.001007(66) -0.001007(-66) 0.001007(66) = -37.334915(-2446781)
-0.001465(-96) 0.000366(24) -0.000366(-24) 0.000366(24) = -77.345352(-5068905)
-0.000153(-10) 0.000153(10) -0.000153(-10) 0.000366(24) = -27.730453(-1817343)
0.002991(196) -0.001312(-86) 0.001312(86) 0.000366(24) = -133.287445(-8735126)
-0.000366(-24) 0.000366(24) -0.000366(-24) 0.000366(24) = -45.332855(-2970934)
-0.002563(-168) 0.001434(94) -0.001434(-94) 0.000854(56) = -47.976379(-3144180)
-0.003845(-252) 0.002350(154) -0.002350(-154) 0.001495(98) = -55.980774(-3668756)
-0.003662(-240) 0.001709(112) -0.001709(-112) 0.000854(56) = -95.991211(-6290880)
-0.002350(-154) 0.001495(98) -0.001495(-98) 0.000854(56) = -46.376312(-3039318)
0.000793(52) 0.000031(2) -0.000031(-2) 0.000854(56) = -151.933304(-9957101)
-0.002563(-168) 0.001709(112) -0.001709(-112) 0.000854(56) = -63.978714(-4192909)
0.000092(6) -0.000732(-48) 0.000732(48) 0.000641(42) = -104.024445(-6817346)
0.001373(90) -0.001648(-108) 0.001648(108) 0.000000(0) = -96.020050(-6292770)
0.000275(18) -0.001373(-90) 0.001373(90) 0.000000(0) = -144.034882(-9439470)
0.001587(104) -0.001587(-104) 0.001587(104) 0.000000(0) = -94.419983(-6187908)
0.004730(310) -0.003052(-200) 0.003052(200) 0.000000(0) = -199.976974(-13105691)
0.001373(90) -0.001373(-90) 0.001373(90) 0.000000(0) = -112.022385(-7341499)

After div:
-1.000000(-65536) 0.250000(16384) -0.250000(-16384) 1.000000(65536) = -80091.875000(-5248901120)
-1.636353(-107240) 1.000000(65536) -1.000000(-65536) 1.000000(65536) = -37072.439392(-2429579388)
-4.000000(-262144) 1.000000(65536) -1.000000(-65536) 1.000000(65536) = -211204.375000(-13841489920)
-0.416656(-27306) 0.416656(27306) -0.416656(-27306) 1.000000(65536) = -75722.625000(-4962557952)
8.166656(535210) -3.583328(-234837) 3.583328(234837) 1.000000(65536) = -363963.583328(-23852717397)
-1.000000(-65536) 1.000000(65536) -1.000000(-65536) 1.000000(65536) = -123788.916656(-8112630442)
-3.000000(-196608) 1.678558(110006) -1.678558(-110006) 1.000000(65536) = -56146.071426(-3679588937)
-2.571426(-168521) 1.571426(102985) -1.571426(-102985) 1.000000(65536) = -37436.285706(-2453424420)
-4.285706(-280868) 2.000000(131072) -2.000000(-131072) 1.000000(65536) = -112337.142853(-7362126994)
-2.750000(-180224) 1.750000(114688) -1.750000(-114688) 1.000000(65536) = -54273.535706(-3556870436)
0.928558(60854) 0.035706(2340) -0.035706(-2340) 1.000000(65536) = -177805.375000(-11652653056)
-3.000000(-196608) 2.000000(131072) -2.000000(-131072) 1.000000(65536) = -74873.375000(-4906901504)
0.142853(9362) -1.142853(-74898) 1.142853(74898) 1.000000(65536) = -162317.761902(-10637656844)
0.001373(90) -0.001648(-108) 0.001648(108) 0.000000(0) = -96.020050(-6292770)
0.000275(18) -0.001373(-90) 0.001373(90) 0.000000(0) = -144.034882(-9439470)
0.001587(104) -0.001587(-104) 0.001587(104) 0.000000(0) = -94.419983(-6187908)
0.004730(310) -0.003052(-200) 0.003052(200) 0.000000(0) = -199.976974(-13105691)
0.001373(90) -0.001373(-90) 0.001373(90) 0.000000(0) = -112.022385(-7341499)

s: 5
n1: 5
n2: 5

After sort:
0.001373(90) -0.001648(-108) 0.001648(108) = -96.020050(-6292770)
0.000275(18) -0.001373(-90) 0.001373(90) = -144.034882(-9439470)
0.001587(104) -0.001587(-104) 0.001587(104) = -94.419983(-6187908)
0.004730(310) -0.003052(-200) 0.003052(200) = -199.976974(-13105691)
0.001373(90) -0.001373(-90) 0.001373(90) = -112.022385(-7341499)

After div:
0.833328(54613) -1.000000(-65536) 1.000000(65536) = -58266.388885(-3818546062)
0.199997(13107) -1.000000(-65536) 1.000000(65536) = -104883.000000(-6873612288)
1.000000(65536) -1.000000(-65536) 1.000000(65536) = -59499.115372(-3899334025)
1.549988(101580) -1.000000(-65536) 1.000000(65536) = -65528.454987(-4294472826)
1.000000(65536) -1.000000(-65536) 1.000000(65536) = -81572.211105(-5345916427)

s: 4
n1: 2
n2: 4

After sort:
-2.000000(-131072) 3.000000(196608) -4.000000(-262144) 5.000000(327680) -6.000000(-393216) 7.000000(458752) = -2.000000(-131072)
-4.000000(-262144) 5.000000(327680) -6.000000(-393216) 7.000000(458752) -8.000000(-524288) 9.000000(589824) = -4.000000(-262144)
3.000000(196608) -4.000000(-262144) 5.000000(327680) -6.000000(-393216) 7.000000(458752) -8.000000(-524288) = -3.000000(-196608)
1.000000(65536) -2.000000(-131072) 3.000000(196608) -4.000000(-262144) 5.000000(327680) -6.000000(-393216) = -1.000000(-65536)

After div:
-0.285706(-18724) 0.428558(28086) -0.571426(-37449) 0.714279(46811) -0.857132(-56173) 1.000000(65536) = -0.285706(-18724)
-0.444443(-29127) 0.555542(36408) -0.666656(-43690) 0.777771(50972) -0.888885(-58254) 1.000000(65536) = -0.444443(-29127)
-0.375000(-24576) 0.500000(32768) -0.625000(-40960) 0.750000(49152) -0.875000(-57344) 1.000000(65536) = 0.375000(24576)
-0.166656(-10922) 0.333328(21845) -0.500000(-32768) 0.666656(43690) -0.833328(-54613) 1.000000(65536) = 0.166656(10922)

s: 4
n1: 1
n2: 4

After sort:
0.089294(5852) -0.071442(-4682) 0.053574(3511) -0.035721(-2341) 0.017868(1171) = -0.660706(-43300)
-0.119049(-7802) 0.095230(6241) -0.071426(-4681) 0.047623(3121) -0.023804(-1560) = -0.452362(-29646)
-0.069443(-4551) 0.055542(3640) -0.041656(-2730) 0.027771(1820) -0.013885(-910) = -0.819443(-53703)
-0.277786(-18205) 0.222214(14563) -0.166656(-10922) 0.111115(7282) -0.055557(-3641) = -0.611099(-40049)

After div:
4.997437(327512) -3.998291(-262032) 2.998291(196496) -1.999146(-131016) 1.000000(65536) = -36.976929(-2423320)
5.001282(327764) -4.000641(-262186) 3.000641(196650) -2.000641(-131114) 1.000000(65536) = 19.003845(1245436)
5.001099(327752) -4.000000(-262144) 3.000000(196608) -2.000000(-131072) 1.000000(65536) = 59.014282(3867560)
5.000000(327680) -3.999725(-262126) 2.999725(196590) -2.000000(-131072) 1.000000(65536) = 10.999451(720860)

s: 3
n1: 3
n2: 3

After sort:
-0.003845(-252) 0.002350(154) -0.002350(-154) 0.001495(98) = -55.980774(-3668756)
-0.003662(-240) 0.001709(112) -0.001709(-112) 0.000854(56) = -95.991211(-6290880)
-0.002563(-168) 0.001434(94) -0.001434(-94) 0.000854(56) = -47.976379(-3144180)

After div:
-2.571426(-168521) 1.571426(102985) -1.571426(-102985) 1.000000(65536) = -37436.285706(-2453424420)
-4.285706(-280868) 2.000000(131072) -2.000000(-131072) 1.000000(65536) = -112337.142853(-7362126994)
-3.000000(-196608) 1.678558(110006) -1.678558(-110006) 1.000000(65536) = -56146.071426(-3679588937)

s: 6
n1: 3
n2: 6

After sort:
-2.000000(-131072) 3.000000(196608) -4.000000(-262144) 5.000000(327680) = -2.000000(-131072)
-4.000000(-262144) 5.000000(327680) -6.000000(-393216) 7.000000(458752) = 4.000000(262144)
6.000000(393216) 7.000000(458752) -8.000000(-524288) 9.000000(589824) = -6.000000(-393216)
-12.000000(-786432) -2.000000(-131072) 3.000000(196608) -4.000000(-262144) = -1.000000(-65536)
5.000000(327680) -6.000000(-393216) 7.000000(458752) -8.000000(-524288) = 5.000000(327680)
-3.000000(-196608) -4.000000(-262144) 5.000000(327680) -6.000000(-393216) = 3.000000(196608)

After div:
-0.399994(-26214) 0.599991(39321) -0.799988(-52428) 1.000000(65536) = -0.399994(-26214)
-0.571426(-37449) 0.714279(46811) -0.857132(-56173) 1.000000(65536) = 0.571426(37449)
0.666656(43690) 0.777771(50972) -0.888885(-58254) 1.000000(65536) = -0.666656(-43690)
3.000000(196608) 0.500000(32768) -0.750000(-49152) 1.000000(65536) = 0.250000(16384)
-0.625000(-40960) 0.750000(49152) -0.875000(-57344) 1.000000(65536) = -0.625000(-40960)
0.500000(32768) 0.666656(43690) -0.833328(-54613) 1.000000(65536) = -0.500000(-32768)

s: 9
n1: 3
n2: 9

After sort:
0.225006(14746) -0.150009(-9831) 0.075012(4916) = 0.225006(14746)
-0.899994(-58982) -0.066666(-4369) 0.033340(2185) = 0.100006(6554)
0.053574(3511) -0.035721(-2341) 0.017868(1171) = 1.196426(78409)
-3.571426(-234057) 0.214279(14043) -0.107132(-7021) = 0.321426(21065)
-3.399994(-222822) 0.099991(6553) -0.049988(-3276) = -0.649994(-42598)
-1.071426(-70217) 0.047623(3121) -0.023804(-1560) = 1.071426(70217)
-2.333344(-152918) 0.277771(18204) -0.138885(-9102) = -0.916656(-60074)
1.291656(84650) 0.027771(1820) -0.013885(-910) = -0.041656(-2730)
0.166656(10922) 0.111115(7282) -0.055557(-3641) = -0.166656(-10922)

After div:
2.999588(196581) -1.999786(-131058) 1.000000(65536) = 2.999588(196581)
-26.994049(-1769082) -1.999542(-131042) 1.000000(65536) = 2.999542(196578)
2.998291(196496) -1.999146(-131016) 1.000000(65536) = 66.959000(4388225)
33.336700(2184754) -2.000137(-131081) 1.000000(65536) = -3.000275(-196626)
68.016479(4457528) -2.000305(-131092) 1.000000(65536) = 13.003052(852168)
45.010895(2949834) -2.000641(-131114) 1.000000(65536) = -45.010895(-2949834)
16.800476(1101036) -2.000000(-131072) 1.000000(65536) = 6.600082(432543)
-93.021973(-6096288) -2.000000(-131072) 1.000000(65536) = 3.000000(196608)
-2.999725(-196590) -2.000000(-131072) 1.000000(65536) = 2.999725(196590)

s: 18
n1: 18
n2: 18

After sort:
-30.337112(-1988173) 0.000351(23) = 5.999863(393207)
-65.016891(-4260947) 0.000519(34) = -10.003464(-655587)
-42.011307(-2753253) 0.000854(56) = 48.010483(3146415)
-13.800888(-904455) 0.000214(14) = -3.600494(-235962)
96.021561(6292869) 0.000214(14) = -0.000412(-27)
5.999313(393171) 0.000214(14) = -0.000137(-9)
-60.330750(-3953836) 0.000595(39) = 5.999817(393204)
-95.010529(-6226610) 0.000763(50) = -10.003510(-655590)
-72.004944(-4718916) 0.001099(72) = 48.010437(3146412)
-43.794525(-2870118) 0.000458(30) = -3.600540(-235965)
66.027924(4327206) 0.000458(30) = -0.000458(-30)
-23.994324(-1572492) 0.000458(30) = -0.000183(-12)
-30.338409(-1988258) 0.000992(65) = 69.959274(4584851)
-65.018188(-4261032) 0.001160(76) = 53.955948(3536057)
-42.012604(-2753338) 0.001495(98) = 111.969894(7338059)
-13.802185(-904540) 0.000854(56) = 60.358917(3955682)
96.020264(6292784) 0.000854(56) = 63.959000(4191617)
5.998016(393086) 0.000854(56) = 63.959274(4191635)

After div:
-86442.304337(-5665082857) 1.000000(65536) = 17095.956512(1120400606)
-125321.970581(-8213100664) 1.000000(65536) = -19281.970581(-1263663224)
-49165.232132(-3222092653) 1.000000(65536) = 56185.982132(3682204525)
-64603.928558(-4233883062) 1.000000(65536) = -16854.428558(-1104571830)
449490.642853(29457818770) 1.000000(65536) = -1.928558(-126390)
28083.642853(1840489618) 1.000000(65536) = -0.642853(-42130)
-101380.410248(-6644066566) 1.000000(65536) = 10082.153839(660744034)
-124532.199997(-8161342259) 1.000000(65536) = -13111.799988(-859294924)
-65540.500000(-4295262208) 1.000000(65536) = 43700.166656(2863934122)
-95670.599991(-6269868441) 1.000000(65536) = -7865.500000(-515473408)
144240.199997(9452925747) 1.000000(65536) = -1.000000(-65536)
-52416.399994(-3435161190) 1.000000(65536) = -0.399994(-26214)
-30588.584610(-2004653481) 1.000000(65536) = 70536.169220(4622658386)
-56066.210526(-3674355173) 1.000000(65536) = 46527.065781(3049197783)
-28095.285706(-1841252644) 1.000000(65536) = 74878.153061(4907214639)
-16152.500000(-1058570240) 1.000000(65536) = 70637.178558(4629278134)
112371.142853(7364355218) 1.000000(65536) = 74850.303558(4905389494)
7019.392853(460022930) 1.000000(65536) = 74850.625000(4905410560)

"TomKva_v4" PASSED ALL 6 TESTS.
Counting test 0:                    0
Counting test 1:                    0
Counting test 2:                    0
Counting test 3:                    0
Counting test 4:                    0
Counting test 5:                    0
============================================
 1 TomKva_v4                               0
============================================
size TomKva_v1.o
   text	   data	    bss	    dec	    hex	filename
   2931	      0	     24	   2955	    b8b	TomKva_v1.o
